-0.00012900 -0.408 0.03163077 0.03161100 0.03148200 0.35800000 0.03146000 12.68300000 0.03148200 2.09900000 0.03161100 0.03186000 0.03140000 80457.71300000 2544.93959656 1540068924429 1540155324429 87603776 87688339 84564 

-0.00013900 -0.440 0.03163070 0.03161400 0.03147200 0.27200000 0.03147200 0.00200000 0.03148000 0.00100000 0.03161100 0.03186000 0.03140000 80485.26000000 2545.80529771 1540068935131 1540155335131 87603800 87688371 84572 
-0.00012300 -0.389 0.03163069 0.03158800 0.03146600 8.50500000 0.03146600 0.96100000 0.03148000 0.00100000 0.03158900 0.03186000 0.03140000 80485.45000000 2545.81022847 1540068944338 1540155344338 87603808 87688381 84574 
-0.00014500 -0.459 0.03163069 0.03161500 0.03147000 1.19900000 0.03147000 48.12100000 0.03148000 0.00100000 0.03161500 0.03186000 0.03140000 80476.22700000 2545.51848841 1540068954610 1540155354610 87603831 87688384 84554 
-0.00012000 -0.380 0.03163057 0.03161500 0.03149500 1.68800000 0.03148600 0.00100000 0.03149300 0.63500000 0.03161500 0.03186000 0.03140000 80377.08400000 2542.37311704 1540069144203 1540155544203 87604082 87688562 84481 
-0.00012000 -0.380 0.03163057 0.03161500 0.03149500 1.68800000 0.03148600 0.00100000 0.03149300 0.63500000 0.03161500 0.03186000 0.03140000 80377.08400000 2542.37311704 1540069144453 1540155544453 87604082 87688562 84481 
-0.00011100 -0.351 0.03163057 0.03161500 0.03149500 1.68800000 0.03148600 0.00100000 0.03149300 0.63500000 0.03160600 0.03186000 0.03140000 80376.95300000 2542.36897548 1540069146153 1540155546153 87604084 87688562 84479 
-0.00012000 -0.380 0.03163057 0.03161300 0.03149300 0.06000000 0.03148600 0.00100000 0.03149300 0.57500000 0.03161300 0.03186000 0.03140000 80376.88700000 2542.36688235 1540069148869 1540155548869 87604087 87688563 84477 
-0.00012000 -0.380 0.03163057 0.03161300 0.03149300 0.06000000 0.03148600 0.00100000 0.03149300 0.57500000 0.03161300 0.03186000 0.03140000 80375.49000000 2542.32271899 1540069149774 1540155549774 87604089 87688563 84475 
-0.00012000 -0.380 0.03163057 0.03161300 0.03149300 0.06000000 0.03148600 0.00100000 0.03149300 0.57500000 0.03161300 0.03186000 0.03140000 80375.49000000 2542.32271899 1540069150053 1540155550053 87604089 87688563 84475 
-0.00013800 -0.437 0.03163057 0.03161300 0.03147500 1.98800000 0.03147600 4.73100000 0.03149200 6.42900000 0.03161300 0.03186000 0.03140000 80377.47700000 2542.38525955 1540069151493 1540155551493 87604090 87688566 84477 
-0.00013000 -0.411 0.03163057 0.03161500 0.03147600 0.03200000 0.03147600 4.69900000 0.03149200 6.42900000 0.03160600 0.03186000 0.03140000 80376.80900000 2542.36413632 1540069152617 1540155552617 87604093 87688567 84475 
-0.00013000 -0.411 0.03163057 0.03161500 0.03147600 0.03200000 0.03147600 4.69900000 0.03149200 6.42900000 0.03160600 0.03186000 0.03140000 80376.80900000 2542.36413632 1540069152617 1540155552617 87604093 87688567 84475 
-0.00013500 -0.427 0.03163057 0.03161100 0.03147600 0.03200000 0.03147600 4.69900000 0.03149200 6.42900000 0.03161100 0.03186000 0.03140000 80363.59900000 2541.94635875 1540069154558 1540155554558 87604106 87688567 84462 
-0.00013500 -0.427 0.03163057 0.03161100 0.03147600 0.03200000 0.03147600 4.69900000 0.03149200 6.42900000 0.03161100 0.03186000 0.03140000 80363.59900000 2541.94635875 1540069154558 1540155554558 87604106 87688567 84462 
-0.00013300 -0.421 0.03163057 0.03160800 0.03147600 0.03200000 0.03147600 4.69900000 0.03149200 6.42900000 0.03160900 0.03186000 0.03140000 80363.18900000 2541.93339947 1540069155948 1540155555948 87604108 87688567 84460 
-0.00013700 -0.433 0.03163057 0.03160900 0.03147600 0.03200000 0.03147600 4.69900000 0.03149200 6.42900000 0.03161300 0.03186000 0.03140000 80358.37100000 2541.78110736 1540069156896 1540155556896 87604111 87688567 84457 
-0.00013700 -0.433 0.03163057 0.03160900 0.03147600 0.03200000 0.03147600 4.69900000 0.03149200 6.42900000 0.03161300 0.03186000 0.03140000 80358.37100000 2541.78110736 1540069157711 1540155557711 87604111 87688567 84457 
-0.00013500 -0.427 0.03163057 0.03160000 0.03147600 0.03200000 0.03147600 4.69900000 0.03149200 6.42900000 0.03161100 0.03186000 0.03140000 80354.17100000 2541.64834874 1540069158585 1540155558585 87604113 87688567 84455 
-0.00011900 -0.376 0.03163057 0.03160000 0.03149200 1.89400000 0.03147600 4.69900000 0.03149200 4.53500000 0.03161100 0.03186000 0.03140000 80356.06500000 2541.70799458 1540069159278 1540155559278 87604113 87688568 84456 
-0.00011900 -0.376 0.03163057 0.03160000 0.03149200 1.89400000 0.03147600 4.69900000 0.03149200 4.53500000 0.03161100 0.03186000 0.03140000 80356.06500000 2541.70799458 1540069160285 1540155560285 87604113 87688568 84456 
-0.00011900 -0.376 0.03163057 0.03160000 0.03149200 1.89400000 0.03147600 4.69900000 0.03149200 4.53500000 0.03161100 0.03186000 0.03140000 80356.06500000 2541.70799458 1540069161324 1540155561324 87604113 87688568 84456 
-0.00011900 -0.376 0.03163057 0.03160000 0.03149200 1.89400000 0.03147600 4.69900000 0.03149200 4.53500000 0.03161100 0.03186000 0.03140000 80356.06500000 2541.70799458 1540069161478 1540155561478 87604113 87688568 84456 
-0.00015300 -0.484 0.03163057 0.03161200 0.03147600 0.00100000 0.03147600 4.69800000 0.03149200 4.53500000 0.03162900 0.03186000 0.03140000 80352.60200000 2541.59852506 1540069162666 1540155562666 87604116 87688569 84454 
-0.00015300 -0.484 0.03163057 0.03161200 0.03147600 0.00100000 0.03147600 4.69800000 0.03149200 4.53500000 0.03162900 0.03186000 0.03140000 80352.60200000 2541.59852506 1540069163757 1540155563757 87604116 87688569 84454 
-0.00015300 -0.484 0.03163057 0.03163000 0.03147600 0.00100000 0.03147600 4.69800000 0.03149200 4.53500000 0.03162900 0.03186000 0.03140000 80302.00200000 2539.99804864 1540069164439 1540155564439 87604120 87688569 84450 
-0.00013700 -0.433 0.03163057 0.03161300 0.03149200 1.69200000 0.03147600 4.69800000 0.03149200 2.84300000 0.03162900 0.03186000 0.03140000 80292.34700000 2539.69246872 1540069165351 1540155565351 87604124 87688570 84447 
-0.00013600 -0.430 0.03163056 0.03161300 0.03149300 0.57500000 0.03147800 4.85800000 0.03149200 9.81700000 0.03162900 0.03186000 0.03140000 80295.76500000 2539.80010894 1540069166061 1540155566061 87604124 87688573 84450 
-0.00012000 -0.380 0.03163056 0.03162900 0.03149300 0.57500000 0.03147800 4.85800000 0.03149200 9.81700000 0.03161300 0.03186000 0.03140000 80295.65600000 2539.79666138 1540069166728 1540155566728 87604125 87688573 84449 
-0.00012000 -0.380 0.03163056 0.03162900 0.03149300 0.57500000 0.03147800 4.85800000 0.03149200 9.81700000 0.03161300 0.03186000 0.03140000 80295.65600000 2539.79666138 1540069166728 1540155566728 87604125 87688573 84449 
-0.00013700 -0.433 0.03163055 0.03161300 0.03149200 1.56800000 0.03148000 49.28000000 0.03149200 8.24900000 0.03162900 0.03186000 0.03140000 80300.47900000 2539.94835268 1540069168911 1540155568911 87604126 87688575 84450 
-0.00014800 -0.468 0.03163055 0.03161300 0.03148100 0.79200000 0.03148100 4.06600000 0.03149200 8.24900000 0.03162900 0.03186000 0.03140000 80301.27100000 2539.97328563 1540069169527 1540155569527 87604126 87688577 84452 
-0.00013200 -0.418 0.03163055 0.03162900 0.03148100 0.79200000 0.03148100 4.06600000 0.03149200 8.24900000 0.03161300 0.03186000 0.03140000 80301.18900000 2539.97069206 1540069170496 1540155570496 87604127 87688577 84451 
-0.00014600 -0.462 0.03163055 0.03160000 0.03148100 0.98400000 0.03148200 2.88900000 0.03149200 11.24900000 0.03162700 0.03186000 0.03140000 80300.63100000 2539.95303638 1540069171545 1540155571545 87604130 87688578 84449 
-0.00012900 -0.408 0.03163055 0.03162700 0.03148200 0.05900000 0.03148200 2.83000000 0.03149200 11.24900000 0.03161100 0.03186000 0.03140000 80300.48100000 2539.94828378 1540069172210 1540155572210 87604132 87688579 84448 
-0.00014500 -0.458 0.03163055 0.03161100 0.03148200 1.14500000 0.03148200 1.68500000 0.03149200 11.21400000 0.03162700 0.03186000 0.03140000 80299.56400000 2539.91914464 1540069173176 1540155573176 87604135 87688581 84447 
