-0.00010200 -0.324 0.03143967 0.03148600 0.03138400 0.51300000 0.03137100 31.00000000 0.03138400 7.56600000 0.03148600 0.03160300 0.03127000 114314.80100000 3594.01959621 1540166174851 1540252574851 87698780 87802246 103467 

-0.00010300 -0.327 0.03143967 0.03148600 0.03138300 0.03700000 0.03137200 4.26900000 0.03138300 5.23300000 0.03148600 0.03160300 0.03127000 114314.83800000 3594.02075738 1540166175398 1540252575398 87698780 87802247 103468 
-0.00010300 -0.327 0.03143967 0.03148600 0.03138300 0.03700000 0.03137200 4.26900000 0.03138300 5.23300000 0.03148600 0.03160300 0.03127000 114314.83800000 3594.02075738 1540166175398 1540252575398 87698780 87802247 103468 
-0.00010300 -0.327 0.03143967 0.03148600 0.03138300 0.03700000 0.03137200 4.26900000 0.03138300 5.23300000 0.03148600 0.03160300 0.03127000 114314.83800000 3594.02075738 1540166175398 1540252575398 87698780 87802247 103468 
-0.00010200 -0.324 0.03143966 0.03148600 0.03138400 7.56600000 0.03137400 4.26800000 0.03139000 5.07300000 0.03148600 0.03160300 0.03127000 114327.63700000 3594.42243595 1540166177299 1540252577299 87698780 87802250 103471 
-0.00011200 -0.356 0.03143966 0.03148600 0.03137400 0.36000000 0.03137600 4.26900000 0.03138900 0.36000000 0.03148600 0.03160300 0.03127000 114327.76200000 3594.42633138 1540166178545 1540252578545 87698781 87802251 103471 
-0.00011200 -0.356 0.03143966 0.03148600 0.03137400 0.36000000 0.03137600 4.26900000 0.03138900 0.36000000 0.03148600 0.03160300 0.03127000 114327.76200000 3594.42633138 1540166179144 1540252579144 87698781 87802251 103471 
-0.00011200 -0.356 0.03143966 0.03148600 0.03137400 0.36000000 0.03137600 4.26900000 0.03138900 0.36000000 0.03148600 0.03160300 0.03127000 114327.76200000 3594.42633138 1540166179144 1540252579144 87698781 87802251 103471 
-0.00011200 -0.356 0.03143966 0.03148600 0.03137400 0.36000000 0.03137600 4.26900000 0.03138900 0.36000000 0.03148600 0.03160300 0.03127000 114327.75400000 3594.42607950 1540166180799 1540252580799 87698782 87802251 103470 
-0.00011200 -0.356 0.03143966 0.03148600 0.03137400 0.36000000 0.03137600 4.26900000 0.03138900 0.36000000 0.03148600 0.03160300 0.03127000 114327.75400000 3594.42607950 1540166181894 1540252581894 87698782 87802251 103470 
-0.00011200 -0.356 0.03143966 0.03148600 0.03137400 0.36000000 0.03137600 4.26900000 0.03138900 0.36000000 0.03148600 0.03160300 0.03127000 114327.75400000 3594.42607950 1540166182477 1540252582477 87698782 87802251 103470 
-0.00011000 -0.349 0.03143966 0.03148600 0.03137600 0.01200000 0.03137600 4.25700000 0.03138300 0.25000000 0.03148600 0.03160300 0.03127000 114327.76600000 3594.42645601 1540166182831 1540252582831 87698782 87802252 103471 
-0.00010300 -0.327 0.03143966 0.03148600 0.03138300 0.04500000 0.03137600 4.25700000 0.03138300 0.20500000 0.03148600 0.03160300 0.03127000 114327.81100000 3594.42786824 1540166184045 1540252584045 87698782 87802253 103472 
-0.00010300 -0.327 0.03143966 0.03148600 0.03138300 0.04500000 0.03137600 4.25700000 0.03138300 0.20500000 0.03148600 0.03160300 0.03127000 114327.81100000 3594.42786824 1540166184506 1540252584506 87698782 87802253 103472 
-0.00010300 -0.327 0.03143966 0.03148600 0.03138300 0.04500000 0.03137600 4.25700000 0.03138300 0.20500000 0.03148600 0.03160300 0.03127000 114327.81100000 3594.42786824 1540166185704 1540252585704 87698782 87802253 103472 
-0.00010300 -0.327 0.03143966 0.03148600 0.03138300 0.04500000 0.03137600 4.25700000 0.03138300 0.20500000 0.03148600 0.03160300 0.03127000 114327.81100000 3594.42786824 1540166185993 1540252585993 87698782 87802253 103472 
-0.00010300 -0.327 0.03143966 0.03148600 0.03138300 0.04700000 0.03137600 4.25700000 0.03138300 0.20300000 0.03148600 0.03160300 0.03127000 114327.81300000 3594.42793100 1540166186800 1540252586800 87698782 87802254 103473 
-0.00010300 -0.327 0.03143966 0.03148600 0.03138300 0.04700000 0.03137600 4.25700000 0.03138300 0.20300000 0.03148600 0.03160300 0.03127000 114327.81300000 3594.42793100 1540166187789 1540252587789 87698782 87802254 103473 
-0.00007500 -0.238 0.03143960 0.03148500 0.03141000 3.02400000 0.03141000 0.73300000 0.03142000 2.89100000 0.03148500 0.03160300 0.03127000 114408.17000000 3596.94744557 1540166316377 1540252716377 87698862 87802426 103565 
-0.00007500 -0.238 0.03143960 0.03148500 0.03141000 3.05600000 0.03141000 0.70100000 0.03142000 2.89100000 0.03148500 0.03160300 0.03127000 114408.20200000 3596.94845069 1540166316859 1540252716859 87698862 87802427 103566 
-0.00006500 -0.206 0.03143960 0.03148500 0.03142000 0.65500000 0.03141000 0.70100000 0.03142000 2.23600000 0.03148500 0.03160300 0.03127000 114407.61800000 3596.93002088 1540166317411 1540252717411 87698864 87802428 103565 
-0.00006500 -0.206 0.03143960 0.03148500 0.03142000 0.65500000 0.03141000 0.70100000 0.03142000 2.23600000 0.03148500 0.03160300 0.03127000 114407.61800000 3596.93002088 1540166318091 1540252718091 87698864 87802428 103565 